Inter-|   Receive                                                |  Transmit
 face |bytes    packets errs drop fifo frame compressed multicast|bytes    packets errs drop fifo colls carrier compressed
cali651757d6f76: 55474841  583709    0    0    0     0          0         0 54095234  587587    0    0    0     0       0          0
calibb583638038: 55701900  586084    0    0    0     0          0         0 54319140  590041    0    0    0     0       0          0
calif40e0015095: 10018523  105390    0    0    0     0          0         0  9788794  106390    0    0    0     0       0          0
cali80c5d2ca6da: 10007729  105247    0    0    0     0          0         0  9782849  106314    0    0    0     0       0          0
cali1e7528fc2b9: 60145231  480119    0    0    0     0          0         0 31691880  403806    0    0    0     0       0          0
calied4a2555f66: 55483693  583776    0    0    0     0          0         0 54075354  587241    0    0    0     0       0          0
  eth0: 63800485162 800768446    0    0    0     0          0         0 37106047899 355630462    0    0    0     0       0          0
    lo: 8435287873 131545410    0    0    0     0          0         0 8435287873 131545410    0    0    0     0       0          0
cali3c830d542ec: 10013784  105344    0    0    0     0          0         0  9786747  106381    0    0    0     0       0          0
 tunl0: 10931673  105737    0    0    0     0          0         0 17533289  106215    0    0    0     0       0          0
docker0:       0       0    0    0    0     0          0         0        0       0    0    0    0     0       0          0
